/**:
  ros__parameters:

    origin_latitude: 49.90000010022057
    origin_longitude: 8.900000304717647

    x: 6.006375
    y: -1.251482
    z: 0.516969
    yaw: -3.112761

    goal_x: -3.243510
    goal_y: 3.738408
    goal_z: 0.02

    goal_latitude: 49.89995559769814
    goal_longitude: 8.90003685357497
